name: env_mobileOCR
channels:
  - anaconda
  - defaults
  - conda-forge
dependencies:
  - absl-py=0.7.0=py27_0
  - backports=1.0=py27_1
  - backports.functools_lru_cache=1.5=py27_1
  - backports.weakref=1.0.post1=py27_0
  - backports_abc=0.5=py27h7b3c97b_0
  - beautifulsoup4=4.7.1=py27_1
  - blas=1.0=mkl
  - bleach=1.5.0=py27_0
  - bzip2=1.0.6=h14c3975_5
  - ca-certificates=2019.1.23=0
  - cairo=1.14.12=h8948797_3
  - certifi=2019.3.9=py27_0
  - cycler=0.10.0=py27hc7354d3_0
  - dbus=1.13.6=h746ee38_0
  - enum34=1.1.6=py27_1
  - expat=2.2.6=he6710b0_0
  - ffmpeg=4.0=hcdf2ecd_0
  - fontconfig=2.13.0=h9420a91_0
  - freeglut=3.0.0=hf484d3e_5
  - freetype=2.9.1=h8a8886c_1
  - funcsigs=1.0.2=py27h83f16ab_0
  - functools32=3.2.3.2=py27_1
  - futures=3.2.0=py27_0
  - glib=2.56.2=hd408876_0
  - graphite2=1.3.13=h23475e2_0
  - gst-plugins-base=1.14.0=hbbd80ab_1
  - gstreamer=1.14.0=hb453b48_1
  - harfbuzz=1.8.8=hffaf4a1_0
  - hdf5=1.10.2=hba1933b_1
  - html5lib=0.9999999=py27_0
  - icu=58.2=h9c2bf20_1
  - intel-openmp=2019.1=144
  - jasper=2.0.14=h07fcdf6_1
  - jpeg=9b=h024ee3a_2
  - kiwisolver=1.0.1=py27hf484d3e_0
  - libedit=3.1.20181209=hc058e9b_0
  - libffi=3.2.1=hd88cf55_4
  - libgcc-ng=8.2.0=hdf63c60_1
  - libgfortran-ng=7.3.0=hdf63c60_0
  - libglu=9.0.0=hf484d3e_1
  - libopencv=3.4.2=hb342d67_1
  - libopus=1.3=h7b6447c_0
  - libpng=1.6.36=hbc83047_0
  - libprotobuf=3.6.1=hd408876_0
  - libstdcxx-ng=8.2.0=hdf63c60_1
  - libtiff=4.0.10=h2733197_2
  - libuuid=1.0.3=h1bed415_2
  - libvpx=1.7.0=h439df22_0
  - libxcb=1.13=h1bed415_1
  - libxml2=2.9.9=he19cac6_0
  - markdown=3.0.1=py27_0
  - matplotlib=2.2.3=py27hb69df0a_0
  - mkl=2019.1=144
  - mkl_fft=1.0.10=py27ha843d7b_0
  - mkl_random=1.0.2=py27hd81dba3_0
  - mock=2.0.0=py27_0
  - ncurses=6.1=he6710b0_1
  - numpy=1.16.2=py27h7e9f1db_0
  - numpy-base=1.16.2=py27hde5b4d6_0
  - olefile=0.46=py27_0
  - opencv=3.4.2=py27h6fd60c2_1
  - openssl=1.1.1b=h7b6447c_1
  - pbr=5.1.1=py27_0
  - pcre=8.42=h439df22_0
  - pillow=5.4.1=py27h34e0f95_0
  - pip=19.0.3=py27_0
  - pixman=0.36.0=h7b6447c_0
  - protobuf=3.6.1=py27he6710b0_0
  - py-opencv=3.4.2=py27hb342d67_1
  - pyparsing=2.3.1=py27_0
  - pyqt=5.9.2=py27h05f1152_2
  - python=2.7.15=h9bab390_6
  - python-dateutil=2.8.0=py27_0
  - pytz=2018.9=py27_0
  - qt=5.9.7=h5867ecd_1
  - readline=7.0=h7b6447c_5
  - scikit-learn=0.20.2=py27hd81dba3_0
  - scipy=1.2.1=py27h7c811a0_0
  - setuptools=40.8.0=py27_0
  - singledispatch=3.4.0.3=py27h9bcb476_0
  - sip=4.19.8=py27hf484d3e_0
  - six=1.12.0=py27_0
  - soupsieve=1.7.1=py27_0
  - sqlite=3.26.0=h7b6447c_0
  - subprocess32=3.5.3=py27h7b6447c_0
  - tensorflow=1.5.0=0
  - tensorflow-base=1.5.0=py27hff88cb2_1
  - tensorflow-tensorboard=1.5.1=py27hf484d3e_1
  - tk=8.6.8=hbc83047_0
  - tornado=5.1.1=py27h7b6447c_0
  - werkzeug=0.14.1=py27_0
  - wheel=0.33.1=py27_0
  - xz=5.2.4=h14c3975_4
  - zlib=1.2.11=h7b6447c_3
  - zstd=1.3.7=h0b5b093_0
  - pip:
    - pytesseract==0.2.6